4294967278,26
4294967278,25
4294967278,24
4294967278,23
4294967278,33
4294967278,32
4294967278,31
4294967278,30
4294967278,29
4294967278,28
4294967278,27
4294967278,197
17,4
17,3
17,2
17,1
4294967279,396
4294967278,196
4294967294,1030
4294967294,1028
4294967294,1024
4294967294,983
4294967294,982
4294967294,980
4294967294,979
4294967294,977
4294967294,161
4294967278,328
4294967279,395
4294967278,40
4294967278,39
4294967278,38
4294967278,37
4294967278,36
4294967278,35
4294967278,34
4294967279,37
4294967279,36
4294967279,33
4294967279,29
4294967279,28
4294967279,26
4294967279,24
4294967279,23
4294967279,22
4294967279,21
4294967279,20
4294967279,18
4294967279,16
4294967279,15
4294967279,14
4294967279,13
4294967279,11
4294967279,10
4294967278,327
4294967278,193
4294967278,326
4294967279,394
4294967279,393
4294967278,325
4294967279,392
4294967279,391
4294967278,324
4294967278,189
4294967278,188
4294967278,187
16,4
4294967278,186
16,3
16,2
16,1
4294967278,323
4294967278,185
4294967278,184
15,4
15,3
15,2
15,1
4294967279,390
4294967278,183
0,7
4294967294,392
4294967294,389
4294967294,114
4294967294,120
4294967278,322
4294967279,389
4294967278,321
4294967278,180
4294967278,320
4294967279,388
4294967279,387
4294967278,319
4294967279,386
4294967279,385
4294967278,318
4294967278,317
4294967279,384
4294967294,1
4294967294,390
4294967294,89
4294967294,972
4294967294,978
4294967294,984
4294967294,46
4294967294,29
4294967294,53
4294967294,437
4294967294,45
4294967294,428
4294967294,44
4294967294,40
4294967294,38
4294967294,37
4294967294,36
4294967294,1421
4,3
4294967294,39
4294967294,96
4294967294,94
4294967278,316
4294967278,175
4294967294,8
4294967278,315
4294967279,136
4294967294,42
4294967294,76
4294967294,582
4294967294,61
4294967294,30
4294967294,961
4294967294,420
4294967294,97
4294967294,80
4294967294,50
4294967294,51
4294967278,314
4294967294,12
4294967294,185
4294967294,182
4294967294,176
4294967294,173
4294967294,170
4294967294,1031
4294967294,163
4294967294,82
4294967294,190
4294967294,162
4294967294,1032
4294967294,1023
4294967294,86
4294967294,84
4294967294,92
4294967294,90
4294967294,87
4294967279,133
4294967279,319
4294967278,313
4294967294,99
4294967278,169
4294967294,2
4294967294,186
4294967294,107
4294967278,167
4294967278,312
4294967278,311
4294967278,260
4294967278,0
4294967279,318
4294967294,436
4294967294,1420
4294967294,975
4294967294,0
4294967294,1021
4294967294,5
4294967294,9
4294967294,988
4294967294,91
4294967294,88
4294967294,85
4294967294,1019
4294967294,411
4294967294,1022
4294967294,28
4294967279,317
4294967279,260
4294967279,0
4294967278,279
4294967294,93
4294967294,95
4294967294,17
4294967294,41
4294967294,424
4294967294,43
4294967294,415
4294967294,52
4294967294,991
4294967294,26
4294967294,472
4294967294,25
4294967294,989
4294967294,27
3,4
2,4
4294967294,1035
4294967294,81
4294967294,595
4294967294,83
4294967294,68
4294967294,67
4294967294,11
0,5
4,4
4294967294,7
4294967294,6
4294967294,22
4294967278,132
4294967278,131
4294967278,130
4294967278,129
4294967278,128
4294967278,127
4294967278,126
4294967278,125
4294967278,124
4294967278,123
4294967278,122
4294967278,121
4294967278,120
4294967278,119
4294967278,118
4294967278,117
4294967278,116
4294967278,115
4294967278,114
4294967278,113
4294967278,112
4294967278,111
4294967278,110
4294967278,109
4294967278,108
4294967278,107
4294967278,106
4294967278,105
4294967278,104
4294967278,103
4294967278,102
4294967278,101
4294967278,100
4294967278,99
4294967278,98
4294967278,97
4294967278,96
4294967278,95
4294967278,94
4294967278,93
4294967278,92
4294967278,91
4294967278,90
4294967278,89
4294967278,87
4294967278,86
4294967278,85
4294967278,84
4294967278,83
4294967278,82
4294967278,81
4294967278,80
4294967278,79
4294967278,78
4294967278,77
4294967278,76
4294967278,75
4294967278,74
4294967278,73
4294967278,72
4294967278,71
4294967278,70
4294967278,69
4294967278,68
4294967278,67
4294967278,66
4294967278,65
4294967278,64
4294967278,63
4294967278,62
4294967278,61
4294967278,60
4294967278,59
4294967278,58
4294967278,57
4294967278,56
